       lam :  0.452430076387645
       psi :  0.044481489144248
        nu :  0.460045431971277
     alpha :  0.698938979041154
       phi :  0.447675369944291
   theta_l :  0.058202756046520
   theta_h :  0.277202375991491
   theta_e :  0.016878738214739
       eps :  2.900000000000000
      disc :  0.020000000000000   
     gamma :  0.500000000000000
  gammaEnt :  0.500000000000000
     sigma :  2.000000000000000
        Ls :  0.1655