       lam :  0.136929908727385
       psi :  0.029952105351244
        nu :  0.212584283214512
     alpha :  0.805880518364953
       phi :  0.233498683464936
   theta_l :  1.480478484620770
   theta_h :  1.707836302342411
   theta_e :  0.023354496873116
       eps :  2.900000000000000
      disc :  0.020000000000000  
     gamma :  0.500000000000000
  gammaEnt :  0.500000000000000
     sigma :  2.000000000000000
        Ls :  0.1655