       lam :  0.100782119811321
       psi :  0.038886060184368
        nu :  0.257529852364765
     alpha :  0.917142445153370
       phi :  0.168058989100091	
   theta_l :  1.532281556492895
   theta_h :  2.209269065706996
   theta_e :  0.024750412422486
       eps :  2.900000000000000
      disc :  0.020000000000000
     gamma :  0.500000000000000
  gammaEnt :  0.500000000000000  
     sigma :  2.000000000000000
        Ls :  0.1655