       lam :  0.133949109281663
       psi :  0.036496726089654
      nuML :  0.214522066180863
      nuHL :  0.214522066180863
    alphaM :  0.855485872418451
    alphaH :  0.104716609121817
       phi :  0.228849878918218
   theta_l :  1.380933833313334
   theta_m :  1.753294178477659
   theta_h :  1.801837150473405
   theta_e :  0.023422311782034
       eps :  2.900000000000000
      disc :  0.020000000000000
     gamma :  0.500000000000000
     sigma :  2.000000000000000
        Ls :  0.165500000000000
  gammaEnt :  0.500000000000000
