       lam :  0.140391009139297
       psi :  0.049023935598386
        nu :  0.196358112770243
     alpha :  0.883110099293073
   theta_l :  1.403941923293004
   theta_h :  1.925427266508361
   theta_e :  0.030144257185504
     gamma :  0.500000000000000
       eps :  2.900000000000000
      disc :  0.020000000000000
       phi :  0.218519226255054
     sigma :  2.000000000000000
        Ls :  0.090197500000000
  gammaEnt :  0.500000000000000
      beta :  0.457478000000000