       lam :  0.134488121878010
       psi :  0.038122755022497
        nu :  0.299792431446732
     alpha :  0.959649107041486
       phi :  0.200836862634633
   theta_l :  1.287190492432126
   theta_h :  1.839877038350027
   theta_e :  0.017443606940898
       eps :  2.900000000000000
      disc :  0.020000000000000
     gamma :  0.500000000000000
     sigma :  2.000000000000000
        Ls :  0.1655
  gammaEnt :  0.500000000000000
     kappa :  0.083333333333333