       lam :  0.131874350361868
       psi :  0.037175089899834
        nu :  0.205622086535123
     alpha :  0.925520992611854
       phi :  0.216311889844990
   theta_l :  1.390807772162332
   theta_h :  1.751156379867318
   theta_e :  0.023600456924424
     gamma :  0.500000000000000
       eps :  2.900000000000000
      disc :  0.020000000000000
     sigma :  2.000000000000000
        Ls :  0.165500000000000
  gammaEnt :  0.500000000000000
  labShift :  1.192710735646173
 skillElas :  0.034801007475405
    kappaL :  0.000000000000000
    kappaH : 95.551787735014443
       die :  0.028571428571429
     aStar :  4.000000000000000
